$coord
   -1.57520010844306      2.24282145101210     -0.08770218944388       c
    1.04477288252185      2.36937640957828      0.14549001433494       c
    2.45705970176092      0.15544887101172      0.26276641762921       c
    1.24886330398143     -2.17677552295642      0.14968520633161       c
   -1.37245139253196     -2.28976224794780     -0.08331802483475       c
   -2.82446025491066     -0.08787226479510     -0.20443057216202       c
   -5.46161085634842     -0.35553307308709     -0.46645999660263       n
   -6.59414262009789      1.71407608134181     -0.48333525089553       n
   -9.22569963220675      1.44860735535438     -0.79835259587065       c
  -10.47535662116052     -0.88076355216558     -0.93375147270009       c
  -13.08554083079987     -1.00476738046352     -1.25884105791946       c
  -14.48766092348845      1.21038848008405     -1.45142304728007       c
  -13.27957790927644      3.54127116850371     -1.31447459502844       c
  -10.66816537765609      3.65166896870435     -0.98900706458414       c
   -2.61154481244908      3.89251456328790     -0.17578232411269       h
    1.93549529136421      4.10216077955388      0.23098122421301       h
    4.39782732901283      0.24281090975317      0.43337089216043       h
    2.29252124808975     -3.82181990896565      0.23825666979282       h
   -2.25455665024602     -4.02702526883876     -0.16769429629929       h
   -9.44668420522049     -2.53138263024245     -0.79047243793096       h
  -13.97671677391214     -2.73668247642179     -1.35652100130136       h
  -16.42064287910691      1.12484057842224     -1.69548117627549       h
  -14.31609268863368      5.18733600662023     -1.45372851315211       h
   -9.78623019529325      5.38808161283923     -0.88728310729554       h
$end
